<?xml version="1.0" encoding="UTF-8" standalone="no" ?>
<SimscapeMultibodyImportXML version="2.0" xmlns="urn:mathworks:SimscapeMultibody:import" xmlns:xsi="http://www.w3.org/2001/XMLSchema-instance">
<Created by="" on="11/28/22||14:52:12" using="Simscape Multibody Link Version 7.4" from="SolidWorks 30.2.0"/>
<ModelUnits mass="kilogram" length="millimeter"/>
<DataUnits mass="kilogram" length="meter"/>
<RootAssembly name="Scooter" uid="Scooter" version="222">
<AssemblyFile name="Scooter.SLDASM" type="SolidWorks Assembly"/>
<InstanceTree>
<Instance name="Front-fork-1" uid="Front-fork-1" entityUid="Front-fork*:*Default">
<Transform>
<Rotation>-0.99997833148602422 -1.618713773041708e-15 -0.0065830508449234906 -0.0017038189335459926 0.96592582628906876 0.25881343687842301 0.0063587388268852565 0.25881904510251902 -0.96590489611180219</Rotation>
<Translation>0.04499999999945186 0.16220013659078145 -0.8426859912431085</Translation>
</Transform>
</Instance>
<Instance name="Rear-wheel-1" uid="Rear-wheel-1" entityUid="Rear-wheel*:*Default">
<Transform>
<Rotation>1 0 -1.4201283887414893e-16 0 0.85421288316915944 0.51992340803990778 1.6653345369377363e-16 -0.51992340803990778 0.85421288316915944</Rotation>
<Translation>-0.0030000000005484181 0.024999999999999998 0</Translation>
</Transform>
</Instance>
<Instance name="Bar-1" uid="Bar-1" entityUid="Bar*:*Default">
<Transform>
<Rotation>-0.99997833148602433 -2.1048700600744781e-15 -0.0065830508449231991 -0.001703818933546381 0.96592582628906898 0.25881343687842223 0.0063587388268848497 0.25881904510251819 -0.96590489611180252</Rotation>
<Translation>0.044980250846916724 0.38900322025305878 -0.78502004937745451</Translation>
</Transform>
</Instance>
<Instance name="Deck-1" uid="Deck-1" entityUid="Deck*:*Default">
<Transform>
<Rotation>1 0 0 0 1 0 0 0 1</Rotation>
<Translation>-0.0035000000000000083 0 0.025000000000000064</Translation>
</Transform>
</Instance>
<Instance name="Front-wheel-1" uid="Front-wheel-1" entityUid="Front-wheel*:*Default">
<Transform>
<Rotation>-0.99997833148602422 -0.001360635840694375 -0.0064409027733591841 -0.0017038189335459924 0.99856211451620547 0.05357985119395399 0.0063587388268852496 0.053589664330293989 -0.99854279543617863</Rotation>
<Translation>0.092998959910781054 0.036169950699753928 -0.87678281100981925</Translation>
</Transform>
</Instance>
<Instance name="Rear-wheel-cover-1" uid="Rear-wheel-cover-1" entityUid="Rear-wheel-cover*:*Default">
<Transform>
<Rotation>1 0 0 0 1 0 0 0 1</Rotation>
<Translation>0.044999999999999825 0.060000000000000116 -0.13325000000000028</Translation>
</Transform>
</Instance>
<Instance name="Handlebar-1" uid="Handlebar-1" entityUid="Handlebar*:*Default">
<Transform>
<Rotation>-0.99997833148583248 -1.7767905531595143e-15 -0.0065830508740617102 -0.0017038189410876778 0.96592582628906853 0.25881343687837438 0.0063587388550305724 0.25881904510252002 -0.96590489611161678</Rotation>
<Translation>0.044980250846915523 0.94344464454298449 -0.63645791748860903</Translation>
</Transform>
</Instance>
<Instance name="Bar-Adapter-1" uid="Bar-Adapter-1" entityUid="Bar-Adapter*:*Default">
<Transform>
<Rotation>-0.99997833148602422 -1.6527577118605329e-15 -0.006583050844924109 -0.0017038189335461835 0.96592582628906887 0.25881343687842273 0.0063587388268858446 0.25881904510251874 -0.9659048961118023</Rotation>
<Translation>0.044999999999451624 0.3032253072289855 -0.80489841065814072</Translation>
</Transform>
</Instance>
</InstanceTree>
<Constraints>
<Coincident name="Coincident1">
<ConstraintGeometry geomType="point">
<InstancePath>
<Uid>Deck-1</Uid>
</InstancePath>
<Position>0.0035000000000000001 0 -0.025000000000000015</Position>
</ConstraintGeometry>
<ConstraintGeometry geomType="point">
<InstancePath>
<Uid>Scooter</Uid>
</InstancePath>
<Position>0 0 0</Position>
</ConstraintGeometry>
</Coincident>
<Concentric name="Concentric1">
<ConstraintGeometry geomType="cylinder">
<InstancePath>
<Uid>Deck-1</Uid>
</InstancePath>
<Position>0.048499999999451586 0.0052304834912307308 -0.9097458830273264</Position>
<Axis>0 0.96592582628906876 0.2588190451025193</Axis>
</ConstraintGeometry>
<ConstraintGeometry geomType="cylinder">
<InstancePath>
<Uid>Front-fork-1</Uid>
</InstancePath>
<Position>0 0.17500000000000004 1.1102230246251565e-16</Position>
<Axis>0 -1 0</Axis>
</ConstraintGeometry>
</Concentric>
<Distance name="Distance1">
<ConstraintGeometry geomType="plane">
<InstancePath>
<Uid>Front-fork-1</Uid>
</InstancePath>
<Position>0.014615210322123484 0.0044999999999859597 0.025000000000000133</Position>
<Axis>-1.2880321809127793e-16 1 0</Axis>
</ConstraintGeometry>
<ConstraintGeometry geomType="plane">
<InstancePath>
<Uid>Deck-1</Uid>
</InstancePath>
<Position>0.048499999999451579 0.1890912662129407 -0.86565691567934056</Position>
<Axis>0 -0.96592582628906887 -0.25881904510251924</Axis>
</ConstraintGeometry>
</Distance>
<Coincident name="Coincident3">
<ConstraintGeometry geomType="point">
<InstancePath>
<Uid>Deck-1</Uid>
</InstancePath>
<Position>0.048499999999999779 0.060000000000000005 -0.13574999999999998</Position>
</ConstraintGeometry>
<ConstraintGeometry geomType="point">
<InstancePath>
<Uid>Rear-wheel-cover-1</Uid>
</InstancePath>
<Position>0 0 0.022499999999999992</Position>
</ConstraintGeometry>
</Coincident>
<Concentric name="Concentric3">
<ConstraintGeometry geomType="cylinder">
<InstancePath>
<Uid>Front-fork-1</Uid>
</InstancePath>
<Position>-0.10975000000001395 -0.13056071777720854 2.453592884421596e-14</Position>
<Axis>1 1.3856103764364747e-16 0</Axis>
</ConstraintGeometry>
<ConstraintGeometry geomType="cylinder">
<InstancePath>
<Uid>Front-wheel-1</Uid>
</InstancePath>
<Position>0.09599999999999996 0 0</Position>
<Axis>1 0 0</Axis>
</ConstraintGeometry>
</Concentric>
<Coincident name="Coincident4">
<ConstraintGeometry geomType="plane">
<InstancePath>
<Uid>Front-fork-1</Uid>
</InstancePath>
<Position>0 0 0</Position>
<Axis>1 0 0</Axis>
</ConstraintGeometry>
<ConstraintGeometry geomType="plane">
<InstancePath>
<Uid>Front-wheel-1</Uid>
</InstancePath>
<Position>0.047999999999999987 0 1.1102230246251565e-16</Position>
<Axis>1 0 0</Axis>
</ConstraintGeometry>
</Coincident>
<Concentric name="Concentric4">
<ConstraintGeometry geomType="cylinder">
<InstancePath>
<Uid>Deck-1</Uid>
</InstancePath>
<Position>-0.020470562748477132 0.024999999999999988 -0.025000000000000001</Position>
<Axis>1 0 0</Axis>
</ConstraintGeometry>
<ConstraintGeometry geomType="cylinder">
<InstancePath>
<Uid>Rear-wheel-1</Uid>
</InstancePath>
<Position>0.095999999999999974 0 0</Position>
<Axis>1 0 0</Axis>
</ConstraintGeometry>
</Concentric>
<Coincident name="Coincident5">
<ConstraintGeometry geomType="plane">
<InstancePath>
<Uid>Deck-1</Uid>
</InstancePath>
<Position>0.048499999999451579 0 0</Position>
<Axis>-1 0 0</Axis>
</ConstraintGeometry>
<ConstraintGeometry geomType="plane">
<InstancePath>
<Uid>Rear-wheel-1</Uid>
</InstancePath>
<Position>0.047999999999999987 0 0</Position>
<Axis>1 0 0</Axis>
</ConstraintGeometry>
</Coincident>
<Concentric name="Concentric5">
<ConstraintGeometry geomType="cylinder">
<InstancePath>
<Uid>Bar-1</Uid>
</InstancePath>
<Position>0 0.60399999999999998 0.020000000000000018</Position>
<Axis>0 0 1.0000000000000002</Axis>
</ConstraintGeometry>
<ConstraintGeometry geomType="cylinder">
<InstancePath>
<Uid>Handlebar-1</Uid>
</InstancePath>
<Position>5.827838212013603e-13 0.030000000000000027 -0.020000000006308749</Position>
<Axis>-2.9139494636676311e-11 0 1</Axis>
</ConstraintGeometry>
</Concentric>
<Coincident name="Coincident6">
<ConstraintGeometry geomType="plane">
<InstancePath>
<Uid>Bar-1</Uid>
</InstancePath>
<Position>0 0 0</Position>
<Axis>0 0 1.0000000000000002</Axis>
</ConstraintGeometry>
<ConstraintGeometry geomType="plane">
<InstancePath>
<Uid>Handlebar-1</Uid>
</InstancePath>
<Position>0 0 0</Position>
<Axis>0 0 1</Axis>
</ConstraintGeometry>
</Coincident>
<Concentric name="Concentric6">
<ConstraintGeometry geomType="cylinder">
<InstancePath>
<Uid>Bar-1</Uid>
</InstancePath>
<Position>-0.018000000008768766 -0.041000000000000009 -0.033999999999999919</Position>
<Axis>-1 0 4.6143644460983069e-16</Axis>
</ConstraintGeometry>
<ConstraintGeometry geomType="cylinder">
<InstancePath>
<Uid>Bar-Adapter-1</Uid>
</InstancePath>
<Position>0.016999999999999987 0.046999999999999986 -0.030999999999999917</Position>
<Axis>-1 0 0</Axis>
</ConstraintGeometry>
</Concentric>
<Concentric name="Concentric7">
<ConstraintGeometry geomType="cylinder">
<InstancePath>
<Uid>Front-fork-1</Uid>
</InstancePath>
<Position>0 0.17500000000000004 1.1102230246251565e-16</Position>
<Axis>0 -1 0</Axis>
</ConstraintGeometry>
<ConstraintGeometry geomType="cylinder">
<InstancePath>
<Uid>Bar-Adapter-1</Uid>
</InstancePath>
<Position>0 0.029000000000000026 1.1102230246251565e-16</Position>
<Axis>0 -1 0</Axis>
</ConstraintGeometry>
</Concentric>
<Coincident name="Coincident7">
<ConstraintGeometry geomType="plane">
<InstancePath>
<Uid>Bar-1</Uid>
</InstancePath>
<Position>0 0 0</Position>
<Axis>1 0 0</Axis>
</ConstraintGeometry>
<ConstraintGeometry geomType="plane">
<InstancePath>
<Uid>Bar-Adapter-1</Uid>
</InstancePath>
<Position>0 0 0</Position>
<Axis>1 0 0</Axis>
</ConstraintGeometry>
</Coincident>
<Coincident name="Coincident8">
<ConstraintGeometry geomType="plane">
<InstancePath>
<Uid>Deck-1</Uid>
</InstancePath>
<Position>0.048500000000001729 0.060000000000000005 -0.75399999999999989</Position>
<Axis>0 1 0</Axis>
</ConstraintGeometry>
<ConstraintGeometry geomType="plane">
<InstancePath>
<Uid>Rear-wheel-cover-1</Uid>
</InstancePath>
<Position>0 0 0</Position>
<Axis>0 -1 0</Axis>
</ConstraintGeometry>
</Coincident>
<Parallel name="Parallel1">
<ConstraintGeometry geomType="line">
<InstancePath>
<Uid>Deck-1</Uid>
</InstancePath>
<Position>0.021499999999999547 0.060000000000000005 -0.13574999999999998</Position>
<Axis>1 0 0</Axis>
</ConstraintGeometry>
<ConstraintGeometry geomType="line">
<InstancePath>
<Uid>Rear-wheel-cover-1</Uid>
</InstancePath>
<Position>-0.0275 0 0.022499999999999992</Position>
<Axis>1 0 0</Axis>
</ConstraintGeometry>
</Parallel>
<Coincident name="Coincident10">
<ConstraintGeometry geomType="plane">
<InstancePath>
<Uid>Front-fork-1</Uid>
</InstancePath>
<Position>0 0.17500000000000004 1.1102230246251565e-16</Position>
<Axis>0 1 0</Axis>
</ConstraintGeometry>
<ConstraintGeometry geomType="plane">
<InstancePath>
<Uid>Bar-Adapter-1</Uid>
</InstancePath>
<Position>-0.0070000000000000062 0.02899999999999997 0</Position>
<Axis>0 -1 0</Axis>
</ConstraintGeometry>
</Coincident>
<Parallel name="Parallel2">
<ConstraintGeometry geomType="plane">
<InstancePath>
<Uid>Deck-1</Uid>
</InstancePath>
<Position>0.048500000000001729 0.060000000000000005 -0.75399999999999989</Position>
<Axis>0 1 0</Axis>
</ConstraintGeometry>
<ConstraintGeometry geomType="plane">
<InstancePath>
<Uid>Scooter</Uid>
</InstancePath>
<Position>0 0 0</Position>
<Axis>0 1 0</Axis>
</ConstraintGeometry>
</Parallel>
<Concentric name="Concentric9">
<ConstraintGeometry geomType="cylinder">
<InstancePath>
<Uid>Bar-1</Uid>
</InstancePath>
<Position>0 0.58150000000000002 -0.019999999999999907</Position>
<Axis>0 0 -1.0000000000000002</Axis>
</ConstraintGeometry>
<ConstraintGeometry geomType="cylinder">
<InstancePath>
<Uid>Handlebar-1</Uid>
</InstancePath>
<Position>5.827838212013603e-13 0.0074999999999999512 -0.02000000000630886</Position>
<Axis>-2.9139494636676311e-11 0 1</Axis>
</ConstraintGeometry>
</Concentric>
<Coincident name="Coincident11">
<ConstraintGeometry geomType="plane">
<InstancePath>
<Uid>Front-fork-1</Uid>
</InstancePath>
<Position>0 0 0</Position>
<Axis>1 0 0</Axis>
</ConstraintGeometry>
<ConstraintGeometry geomType="plane">
<InstancePath>
<Uid>Bar-Adapter-1</Uid>
</InstancePath>
<Position>0 0 0</Position>
<Axis>1 0 0</Axis>
</ConstraintGeometry>
</Coincident>
<Parallel name="Parallel3">
<ConstraintGeometry geomType="plane">
<InstancePath>
<Uid>Bar-1</Uid>
</InstancePath>
<Position>0 -0.040999999999999981 0</Position>
<Axis>0 -1 0</Axis>
</ConstraintGeometry>
<ConstraintGeometry geomType="plane">
<InstancePath>
<Uid>Bar-Adapter-1</Uid>
</InstancePath>
<Position>0 0.047000000000000014 0</Position>
<Axis>0 1 0</Axis>
</ConstraintGeometry>
</Parallel>
</Constraints>
</RootAssembly>
<Assemblies>
</Assemblies>
<Parts>
<Part name="Bar" uid="Bar*:*Default" version="333">
<ModelUnits mass="kilogram" length="millimeter"/>
<PartFile name="Bar.SLDPRT" type="SolidWorks Part"/>
<MassProperties>
<Mass>0.22234972708899808</Mass>
<CenterOfMass>-3.8138361071629498e-05 0.2225778874223486 -0.00061722745326559382</CenterOfMass>
<Inertia>0.009730656643943016 8.0258413440221027e-05 0.0097251969620631949 -3.087015457512735e-05 4.9017268379416104e-09 -1.5369141807872776e-06</Inertia>
</MassProperties>
<GeometryFile name="Bar_Default_sldprt.STEP" type="STEP"/>
<VisualProperties>
<Ambient r="0.19215686274509802" g="0.20392156862745098" b="0.20392156862745098" a="1"/>
<Diffuse r="0.19215686274509802" g="0.20392156862745098" b="0.20392156862745098" a="1"/>
<Specular r="0.19215686274509802" g="0.20392156862745098" b="0.20392156862745098" a="1"/>
<Emissive r="0" g="0" b="0" a="1"/>
<Shininess>0.3125</Shininess>
</VisualProperties>
</Part>
<Part name="Bar-Adapter" uid="Bar-Adapter*:*Default" version="195">
<ModelUnits mass="kilogram" length="millimeter"/>
<PartFile name="Bar-Adapter.SLDPRT" type="SolidWorks Part"/>
<MassProperties>
<Mass>0.089454754082373203</Mass>
<CenterOfMass>-1.7664141860506797e-05 0.025912462098902224 0.0010842055429533444</CenterOfMass>
<Inertia>4.6727092459431206e-05 4.5789148030861655e-05 3.8072646578179565e-05 3.3406977010389509e-06 -1.758570680372485e-09 2.694307563421077e-07</Inertia>
</MassProperties>
<GeometryFile name="Bar-Adapter_Default_sldprt.STEP" type="STEP"/>
<VisualProperties>
<Ambient r="0.19215686274509802" g="0.20392156862745098" b="0.20392156862745098" a="1"/>
<Diffuse r="0.19215686274509802" g="0.20392156862745098" b="0.20392156862745098" a="1"/>
<Specular r="0.19215686274509802" g="0.20392156862745098" b="0.20392156862745098" a="1"/>
<Emissive r="0" g="0" b="0" a="1"/>
<Shininess>0.3125</Shininess>
</VisualProperties>
</Part>
<Part name="Deck" uid="Deck*:*Default" version="447">
<ModelUnits mass="kilogram" length="millimeter"/>
<PartFile name="Deck.SLDPRT" type="SolidWorks Part"/>
<MassProperties>
<Mass>7.9772257017411201</Mass>
<CenterOfMass>0.048568099174025783 0.080336037663270257 -0.50442794111947264</CenterOfMass>
<Inertia>0.50685765863946541 0.48005487854564949 0.05009210587385355 0.093700727006301943 5.6711336035670989e-05 2.5680726904535294e-05</Inertia>
</MassProperties>
<GeometryFile name="Deck_Default_sldprt.STEP" type="STEP"/>
<VisualProperties>
<Ambient r="0.19215686274509802" g="0.20392156862745098" b="0.20392156862745098" a="1"/>
<Diffuse r="0.19215686274509802" g="0.20392156862745098" b="0.20392156862745098" a="1"/>
<Specular r="0.19215686274509802" g="0.20392156862745098" b="0.20392156862745098" a="1"/>
<Emissive r="0" g="0" b="0" a="1"/>
<Shininess>0.3125</Shininess>
</VisualProperties>
</Part>
<Part name="Front-fork" uid="Front-fork*:*Default" version="145">
<ModelUnits mass="kilogram" length="millimeter"/>
<PartFile name="Front-fork.SLDPRT" type="SolidWorks Part"/>
<MassProperties>
<Mass>0.42080933680040222</Mass>
<CenterOfMass>-1.6815721212653949e-14 -0.018603300974672828 3.9718056078817982e-15</CenterOfMass>
<Inertia>0.0026196773949001603 0.00041126987245382134 0.0029094760709951137 0 0 0</Inertia>
</MassProperties>
<GeometryFile name="Front-fork_Default_sldprt.STEP" type="STEP"/>
<VisualProperties>
<Ambient r="0.59999999999999998" g="0.59999999999999998" b="0.59999999999999998" a="1"/>
<Diffuse r="0.59999999999999998" g="0.59999999999999998" b="0.59999999999999998" a="1"/>
<Specular r="0.56999999999999995" g="0.56999999999999995" b="0.56999999999999995" a="1"/>
<Emissive r="0" g="0" b="0" a="1"/>
<Shininess>0.3125</Shininess>
</VisualProperties>
</Part>
<Part name="Front-wheel" uid="Front-wheel*:*Default" version="187">
<ModelUnits mass="kilogram" length="millimeter"/>
<PartFile name="Front-wheel.SLDPRT" type="SolidWorks Part"/>
<MassProperties>
<Mass>1.9812277696106733</Mass>
<CenterOfMass>0.047998989004890129 -1.9074215276363365e-06 4.1129424727871273e-06</CenterOfMass>
<Inertia>0.011692240262045182 0.0062778497317907966 0.0062780417020655193 -3.7369244223991591e-07 -1.7617811153420029e-07 1.2866773057441611e-07</Inertia>
</MassProperties>
<GeometryFile name="Front-wheel_Default_sldprt.STEP" type="STEP"/>
<VisualProperties>
<Ambient r="0.59999999999999998" g="0.59999999999999998" b="0.59999999999999998" a="1"/>
<Diffuse r="0.59999999999999998" g="0.59999999999999998" b="0.59999999999999998" a="1"/>
<Specular r="0.56999999999999995" g="0.56999999999999995" b="0.56999999999999995" a="1"/>
<Emissive r="0" g="0" b="0" a="1"/>
<Shininess>0.3125</Shininess>
</VisualProperties>
</Part>
<Part name="Handlebar" uid="Handlebar*:*Default" version="205">
<ModelUnits mass="kilogram" length="millimeter"/>
<PartFile name="Handlebar.SLDPRT" type="SolidWorks Part"/>
<MassProperties>
<Mass>0.9922847416548134</Mass>
<CenterOfMass>-5.3277840319268222e-08 0.080445400141581455 0.047358636331671575</CenterOfMass>
<Inertia>0.0011851113857627583 0.0093028073606983425 0.0086979131948002834 -0.00018943168537141587 1.072023879249927e-09 7.8746363340090783e-10</Inertia>
</MassProperties>
<GeometryFile name="Handlebar_Default_sldprt.STEP" type="STEP"/>
<VisualProperties>
<Ambient r="0.19215686274509802" g="0.20392156862745098" b="0.20392156862745098" a="1"/>
<Diffuse r="0.19215686274509802" g="0.20392156862745098" b="0.20392156862745098" a="1"/>
<Specular r="0.19215686274509802" g="0.20392156862745098" b="0.20392156862745098" a="1"/>
<Emissive r="0" g="0" b="0" a="1"/>
<Shininess>0.3125</Shininess>
</VisualProperties>
</Part>
<Part name="Rear-wheel" uid="Rear-wheel*:*Default" version="184">
<ModelUnits mass="kilogram" length="millimeter"/>
<PartFile name="Rear-wheel.SLDPRT" type="SolidWorks Part"/>
<MassProperties>
<Mass>1.9812277696106728</Mass>
<CenterOfMass>0.047998989004890129 -1.9074215276368476e-06 4.1129424727875907e-06</CenterOfMass>
<Inertia>0.011692240262045182 0.0062778497317907992 0.0062780417020655158 -3.736924422399931e-07 -1.7617811153419934e-07 1.2866773057441489e-07</Inertia>
</MassProperties>
<GeometryFile name="Rear-wheel_Default_sldprt.STEP" type="STEP"/>
<VisualProperties>
<Ambient r="0.59999999999999998" g="0.59999999999999998" b="0.59999999999999998" a="1"/>
<Diffuse r="0.59999999999999998" g="0.59999999999999998" b="0.59999999999999998" a="1"/>
<Specular r="0.56999999999999995" g="0.56999999999999995" b="0.56999999999999995" a="1"/>
<Emissive r="0" g="0" b="0" a="1"/>
<Shininess>0.3125</Shininess>
</VisualProperties>
</Part>
<Part name="Rear-wheel-cover" uid="Rear-wheel-cover*:*Default" version="169">
<ModelUnits mass="kilogram" length="millimeter"/>
<PartFile name="Rear-wheel-cover.SLDPRT" type="SolidWorks Part"/>
<MassProperties>
<Mass>0.074721483042453782</Mass>
<CenterOfMass>-3.5508138923829766e-06 0.037800283160334285 0.11387179504309382</CenterOfMass>
<Inertia>0.0008016792409597912 0.00071876188897070017 0.00012588185814797902 -2.1740940143138451e-05 4.0391689284397564e-08 -1.6963784114802532e-09</Inertia>
</MassProperties>
<GeometryFile name="Rear-wheel-cover_Default_sldprt.STEP" type="STEP"/>
<VisualProperties>
<Ambient r="0.59999999999999998" g="0.59999999999999998" b="0.59999999999999998" a="1"/>
<Diffuse r="0.59999999999999998" g="0.59999999999999998" b="0.59999999999999998" a="1"/>
<Specular r="0.56999999999999995" g="0.56999999999999995" b="0.56999999999999995" a="1"/>
<Emissive r="0" g="0" b="0" a="1"/>
<Shininess>0.3125</Shininess>
</VisualProperties>
</Part>
</Parts>
</SimscapeMultibodyImportXML>
